[app/ui]
version = 6.1.4
modtime = 1412707383.387295000

[app/launcher]
version = 6.1.4
modtime = 1412707383.388517000

[nav/default]
version = 6.1.4
modtime = 1412707496.654117000
